2.992688145690693136e-02
3.487725300977897319e-02
3.916393866372026855e-02
7.670092707649985020e-02
1.914975102859160436e-02
2.053088035563616076e-02
4.825007286030878056e-02
7.652855081888226829e-02
6.834322991822489035e-02
3.207340614433018544e-02
5.280279030956618741e-02
5.128831390066029144e-02
4.160666578109888797e-02
4.735032824189177453e-02
1.840477193690396099e-02
5.066976772810247165e-02
2.395223148372681299e-02
6.673601419942278012e-02
6.344200428822388549e-02
2.632986022388294697e-02
4.828599228545572830e-02
5.496602308493630379e-02
4.184798521902576701e-02
5.492684228812357017e-02
3.064457024499800397e-02
1.554154661608710998e-02
4.770250112468391729e-02
2.998076179365309971e-02
4.997666634841967798e-02
4.216961325853001846e-02
4.965832122450330316e-02
7.011651815497588203e-02
2.369845068130103927e-02
2.973789296101667784e-02
4.211057713573850697e-02
4.659404138173750543e-02
6.704731045733998418e-02
3.890758554788636275e-02
5.113837585458336221e-02
8.411521660099981201e-02
3.835387295065775110e-02
7.674773632885878438e-02
5.349204083844433244e-02
5.547855260412275918e-02
5.944842065001292725e-02
1.334311837499040088e-02
4.453894847150641212e-02
8.155475187085721445e-02
8.872641033344881578e-02
4.822448356118427121e-02
5.817044806478491314e-02
6.592257557020911318e-02
2.802109954042043827e-02
4.465438666384950045e-02
6.133189825456053512e-02
7.272202776509555100e-02
7.564001533627581764e-02
7.365398423985074217e-02
2.227655561222859071e-02
3.979273296149059280e-02
1.023862539751153877e-01
5.166962187275602608e-02
4.354182001207507202e-02
8.315127156445641099e-02
9.478251683722277443e-02
5.492084589642973885e-02
4.123991265367076692e-02
7.485279813814947614e-02
2.549976595851876152e-02
5.171272961234892052e-02
2.079630018376622813e-02
6.183564748395486976e-02
5.564266885670474810e-02
4.513339812866212775e-02
5.269680250330428806e-02
3.586727774114884665e-02
1.185025791264728012e-01
2.229398002383611854e-02
5.946231252340017370e-02
3.255242925801243165e-02
4.866264584193572690e-02
4.317146147911210541e-02
7.548541384340785865e-02
7.230317545023473569e-02
4.546212957397084697e-02
8.161798620131424653e-02
5.791013087506086121e-02
9.191640585472016234e-02
7.524742970886633131e-02
3.415248048075360948e-02
6.687991622645017564e-02
3.116495414315792120e-02
3.441085384885594206e-02
5.516122864928778985e-02
7.210650715193603344e-02
7.235041811749751139e-02
4.795677250119784185e-02
3.213761278679575645e-02
8.844391881376918729e-02
2.947464267636250648e-02
4.142428811635646968e-02
3.368119870126522891e-02
7.911924450316504265e-02
2.057143295761515792e-02
2.305418326362805928e-02
6.789158878501697081e-02
4.222750216823992903e-02
6.956390309829632579e-02
3.179961266937339492e-02
2.202422393025029942e-02
4.360691984592815484e-02
8.396210131494473428e-02
6.944343403464940667e-02
4.560918520368203999e-02
5.186390077755272110e-02
6.865377068682083916e-02
2.107506597963150832e-02
3.608173184761025859e-02
2.705388288761138849e-02
5.822153711527199710e-02
5.188415137778346065e-02
8.075309908428762729e-02
3.438666246813642385e-02
5.025527037738358738e-02
1.531302124856598335e-02
6.052155187186374768e-02
5.283249496062959738e-02
7.348305100597303519e-02
1.273514561402351412e-02
1.685562354744768801e-02
5.138675293175342523e-02
8.370680947137786043e-02
8.555496265482694096e-02
7.515935703857146155e-02
7.671418090288550928e-02
1.032340562738698897e-01
3.305436229251781932e-02
3.224792677149475317e-02
5.094119280720246778e-02
9.689121147663995459e-02
5.235994888628292543e-02
6.092244905113841646e-02
8.442173988544021679e-02
6.504771854601752723e-02
4.778540076677480208e-02
6.182690230660370379e-02
2.205982501400206852e-02
1.561180822920438943e-02
2.998873771046139947e-02
3.297444842131802556e-02
6.534437200285118930e-02
6.049473758735626761e-02
3.971272806277923589e-02
3.291257620964561925e-02
1.607763615505272692e-02
6.491457747169428194e-02
3.877810356606073428e-02
6.587218727926234807e-02
3.907983096874437928e-02
8.544966320906928481e-02
5.661452205697230927e-02
3.544666893231468441e-02
5.290987294854188061e-02
7.604672601085543659e-02
7.247175655519606796e-02
4.229553126049404033e-02
5.121454815476565031e-02
8.490811643058576719e-02
5.237480097093355491e-02
5.570118999184667241e-02
4.520272209387940499e-02
5.001729860840690295e-02
3.744742908667619136e-02
5.694511170802518674e-02
6.836125397028765260e-02
5.122238891631106239e-02
2.038625380990528174e-02
8.254819326421410086e-02
4.940205908857194655e-02
7.003023043172280915e-02
6.410688930193575441e-02
7.200281224826178550e-02
2.896688993009864654e-02
4.288691836650548178e-02
2.247410974178316867e-02
4.539552121418359565e-02
7.411240010279629420e-02
2.182268936822045688e-02
4.721178980633608524e-02
4.840173742512712124e-02
7.316468601313173836e-02
6.178945031321263215e-03
1.211082384712675319e-01
7.411635412388394017e-02
4.336644762869095587e-02
9.124396504288809218e-02
3.626994078929284687e-02
2.113985617048314697e-02
2.680661728872795260e-02
3.851929503042220149e-02
8.134166840066485091e-03
4.228381328075166146e-02
5.403549502640578317e-02
6.553551424110279355e-02
7.348405561193881164e-02
5.147120105433897891e-02
3.422093925162350558e-02
5.714590064099955152e-02
6.014014335460349248e-02
7.523813752691739520e-02
2.101993215483295360e-02
3.573845292310769833e-02
7.157593098532448461e-02
3.376538353709021556e-02
3.756696536993105878e-02
3.171629812615284205e-02
1.934749542781447063e-02
1.865131142202933884e-02
2.783343286998033600e-02
7.000246875075341602e-02
6.007672292753891974e-02
4.406032053960082240e-02
1.046392570582906356e-01
3.391853601638261662e-02
4.381807317195862000e-02
8.013319026570302206e-02
2.956809592324828595e-02
5.274342306590360657e-02
5.780081593265690154e-02
3.830851164323310215e-02
7.446841155329511630e-02
4.888513793341279362e-02
5.268059541856356248e-02
4.825109621415653305e-02
3.632480188146636202e-02
7.398049518114135914e-02
4.661397931217470259e-02
4.394413808061746474e-02
1.920810638270033233e-02
2.898073945884432900e-02
5.166604255532552398e-02
8.177418504163341817e-02
7.196992211849206900e-02
1.685763323996656085e-02
5.576441109014849268e-02
5.566249971026979854e-02
1.401933488604892655e-02
5.944102917230573158e-02
1.184769627627727390e-01
1.085280550329799643e-01
1.287631238546609394e-02
2.415934478307358441e-02
7.131960869296438688e-02
5.159280443760377172e-02
6.673166240786987391e-02
3.393844717596435079e-02
9.847873372471832587e-02
6.851986815172075862e-02
8.215992474897716724e-02
4.497773890458203055e-02
2.495088068843147669e-02
2.685200917379691743e-02
3.233869702167983112e-02
3.489982014327191323e-02
2.177586999262157846e-02
5.710325447988992553e-02
7.767667128238567309e-02
7.801594948959889031e-02
4.347083832026581857e-02
4.680616418984744759e-02
7.630646917506950233e-02
5.724990199207517089e-02
7.821938064966471593e-02
1.330640658181665714e-02
2.427948954721784180e-02
5.505387087334434604e-02
1.475399235956905732e-02
7.914508356115944332e-02
3.703178912327392130e-02
2.638604736378937290e-02
1.351830942097276625e-02
3.314702653933398330e-02
4.291260630387095515e-02
6.741507107722409520e-02
6.518255613885129418e-02
3.933977392929978445e-02
7.438698448504231509e-02
9.503591945339365243e-02
6.529646294411108054e-02
7.706149849843882405e-02
2.496491993188309708e-02
5.005523531737735704e-02
8.559305384553715645e-02
9.469808039728505600e-02
6.262225269954085904e-02
7.855759347242829982e-02
3.218151038098574640e-02
5.484406228560181895e-02
2.958088443292242187e-02
1.975308580586979113e-02
8.349384336334343681e-02
5.200521862911382937e-02
5.066565363326779731e-02
7.164209006444131889e-02
5.658854865722805910e-02
1.743702257793477983e-02
5.961902770612828584e-02
2.879396356541867943e-02
1.417023008767923954e-02
5.362393487050055862e-02
3.335815284237247241e-02
8.180090153333668956e-02
2.570455138518788762e-02
2.722284002041754081e-02
4.467970693004771898e-02
6.081020112359687702e-02
1.961193242557322802e-02
1.400076488334115778e-02
5.286831396527507526e-02
2.065672615422819991e-02
4.733700186328883286e-02
7.499967284100761411e-02
4.010154543295704754e-02
4.780634572324247988e-02
3.472300303934430094e-02
3.853622286638475058e-02
8.575173971397342942e-02
4.466610911654567140e-02
6.261955617537023899e-02
3.560058667253550996e-02
5.599767372602716675e-02
7.052257065652507706e-02
7.356679465141933993e-02
6.651440552643189674e-02
3.838567422505252680e-02
4.663886574943773566e-02
6.447284872549982615e-02
3.330493436963063297e-02
3.882658531385516087e-02
1.367227753131102508e-01
2.690237575323304459e-02
2.780759201672654626e-02
4.780823382159943291e-02
3.368613091837761864e-02
4.145440183741851137e-02
3.678315861704972017e-02
4.508971717068152585e-02
6.206569558844141077e-02
4.293000249278400293e-02
4.016933149912998990e-02
1.621644387920789451e-02
3.504807186322618506e-02
8.041299137338538128e-02
1.869214989863977536e-02
1.521608209183982797e-02
2.709950584775506349e-02
5.424446911053322495e-02
2.071914521951507757e-02
7.799740285788282768e-02
5.209702133928815343e-02
6.039403182041543083e-02
4.495289811294473498e-02
2.787567289082512265e-02
7.111843623495571476e-02
2.858120448492952603e-02
6.830300067016684129e-02
4.070577546689503612e-02
3.318971263362820862e-02
4.937095165706166522e-02
2.675058035691512889e-02
3.552641681953116332e-02
8.481189438423675231e-02
4.860030889195865456e-02
3.409139965162512331e-02
3.446988166643285417e-02
