3.020523115992546082e-02 -1.400484144687652588e-01 2.600000053644180298e-02 1.700000092387199402e-02 0.000000000000000000e+00
7.999977469444274902e-02 -1.410577744245529175e-01 2.199999988079071045e-02 1.999999955296516418e-02 0.000000000000000000e+00
3.341983631253242493e-02 -1.016959771513938904e-01 3.200000151991844177e-02 1.600000075995922089e-02 0.000000000000000000e+00
7.790866494178771973e-02 -1.006587222218513489e-01 2.199999988079071045e-02 1.999999955296516418e-02 0.000000000000000000e+00
3.184577822685241699e-02 -6.021686643362045288e-02 2.999999932944774628e-02 1.799999922513961792e-02 0.000000000000000000e+00
1.338597834110260010e-01 -1.415548771619796753e-01 4.500000178813934326e-02 1.799999922513961792e-02 0.000000000000000000e+00
7.906368374824523926e-02 -6.393215060234069824e-02 2.199999988079071045e-02 1.600000075995922089e-02 0.000000000000000000e+00
1.284817159175872803e-01 -9.665084630250930786e-02 2.999999932944774628e-02 2.400000020861625671e-02 0.000000000000000000e+00
3.133392333984375000e-02 -3.035335615277290344e-02 3.200000151991844177e-02 1.600000075995922089e-02 0.000000000000000000e+00
1.297561973333358765e-01 -5.507198348641395569e-02 3.500000014901161194e-02 2.800000086426734924e-02 0.000000000000000000e+00
3.020523115992546082e-02 -1.400484144687652588e-01 3.099999949336051941e-02 2.700000070035457611e-02 0.000000000000000000e+00
7.801113277673721313e-02 -1.432282626628875732e-01 2.800000086426734924e-02 2.300000004470348358e-02 0.000000000000000000e+00
3.041549772024154663e-02 -1.031843200325965881e-01 2.999999932944774628e-02 1.799999922513961792e-02 0.000000000000000000e+00
7.393383234739303589e-02 -1.028976812958717346e-01 2.199999988079071045e-02 1.799999922513961792e-02 0.000000000000000000e+00
3.040939383208751678e-02 -6.573093682527542114e-02 3.200000151991844177e-02 1.600000075995922089e-02 0.000000000000000000e+00
1.302601248025894165e-01 -1.411151140928268433e-01 4.800000041723251343e-02 1.999999955296516418e-02 0.000000000000000000e+00
7.545036077499389648e-02 -6.884533166885375977e-02 2.199999988079071045e-02 1.799999922513961792e-02 0.000000000000000000e+00
1.299484223127365112e-01 -9.981716424226760864e-02 4.600000008940696716e-02 3.099999949336051941e-02 0.000000000000000000e+00
2.994750998914241791e-02 -3.563591092824935913e-02 3.299999982118606567e-02 1.899999938905239105e-02 0.000000000000000000e+00
1.290906965732574463e-01 -5.878150835633277893e-02 4.500000178813934326e-02 2.999999932944774628e-02 0.000000000000000000e+00
3.020523115992546082e-02 -1.400484144687652588e-01 3.700000047683715820e-02 2.800000086426734924e-02 0.000000000000000000e+00
3.717971965670585632e-02 -1.024956479668617249e-01 4.500000178813934326e-02 1.799999922513961792e-02 0.000000000000000000e+00
9.006797522306442261e-02 -1.398747265338897705e-01 2.999999932944774628e-02 2.899999916553497314e-02 0.000000000000000000e+00
9.105407446622848511e-02 -9.741241484880447388e-02 3.599999845027923584e-02 2.700000070035457611e-02 0.000000000000000000e+00
3.820728138089179993e-02 -5.730026215314865112e-02 4.699999839067459106e-02 1.999999955296516418e-02 0.000000000000000000e+00
2.612484060227870941e-02 -1.151653286069631577e-02 1.600000075995922089e-02 3.200000151991844177e-02 0.000000000000000000e+00
5.949607864022254944e-02 -1.105907466262578964e-02 1.899999938905239105e-02 3.200000151991844177e-02 0.000000000000000000e+00
9.165103733539581299e-02 -1.183975208550691605e-02 1.899999938905239105e-02 3.299999982118606567e-02 0.000000000000000000e+00
2.647426538169384003e-02 3.605796769261360168e-02 1.600000075995922089e-02 2.199999988079071045e-02 0.000000000000000000e+00
6.018405780196189880e-02 3.440109267830848694e-02 1.700000092387199402e-02 1.700000092387199402e-02 0.000000000000000000e+00
3.020523115992546082e-02 -1.400484144687652588e-01 2.800000086426734924e-02 3.700000047683715820e-02 0.000000000000000000e+00
7.523235678672790527e-02 -1.376000642776489258e-01 2.899999916553497314e-02 3.799999877810478210e-02 0.000000000000000000e+00
2.357975021004676819e-02 -8.289623260498046875e-02 1.799999922513961792e-02 4.500000178813934326e-02 0.000000000000000000e+00
1.145860701799392700e-01 -1.460643708705902100e-01 2.199999988079071045e-02 1.600000075995922089e-02 0.000000000000000000e+00
6.732536107301712036e-02 -8.432830870151519775e-02 2.999999932944774628e-02 4.500000178813934326e-02 0.000000000000000000e+00
1.145914867520332336e-01 -1.111833602190017700e-01 2.800000086426734924e-02 2.300000004470348358e-02 0.000000000000000000e+00
1.556944996118545532e-01 -1.469295173883438110e-01 1.600000075995922089e-02 1.600000075995922089e-02 0.000000000000000000e+00
1.140940859913825989e-01 -7.907577604055404663e-02 2.999999932944774628e-02 1.899999938905239105e-02 0.000000000000000000e+00
1.543910205364227295e-01 -1.133501455187797546e-01 2.199999988079071045e-02 1.999999955296516418e-02 0.000000000000000000e+00
1.539855152368545532e-01 -8.173129707574844360e-02 2.199999988079071045e-02 1.600000075995922089e-02 0.000000000000000000e+00
3.020523115992546082e-02 -1.400484144687652588e-01 2.999999932944774628e-02 1.899999938905239105e-02 0.000000000000000000e+00
6.870609521865844727e-02 -1.419876515865325928e-01 1.700000092387199402e-02 1.700000092387199402e-02 0.000000000000000000e+00
2.715957723557949066e-02 -1.002181991934776306e-01 2.199999988079071045e-02 1.999999955296516418e-02 0.000000000000000000e+00
7.066616415977478027e-02 -1.059603914618492126e-01 1.600000075995922089e-02 1.600000075995922089e-02 0.000000000000000000e+00
1.178604140877723694e-01 -1.405773609876632690e-01 3.599999845027923584e-02 2.700000070035457611e-02 0.000000000000000000e+00
2.740562520921230316e-02 -6.449691951274871826e-02 2.600000053644180298e-02 1.700000092387199402e-02 0.000000000000000000e+00
6.863178312778472900e-02 -7.090831547975540161e-02 1.600000075995922089e-02 1.600000075995922089e-02 0.000000000000000000e+00
1.243140771985054016e-01 -9.916832298040390015e-02 4.500000178813934326e-02 1.799999922513961792e-02 0.000000000000000000e+00
2.712017111480236053e-02 -3.536338731646537781e-02 2.199999988079071045e-02 1.600000075995922089e-02 0.000000000000000000e+00
1.221574023365974426e-01 -6.277244538068771362e-02 3.099999949336051941e-02 2.700000070035457611e-02 0.000000000000000000e+00
3.020523115992546082e-02 -1.400484144687652588e-01 2.999999932944774628e-02 2.899999916553497314e-02 0.000000000000000000e+00
8.514945954084396362e-02 -1.384431868791580200e-01 4.100000113248825073e-02 2.999999932944774628e-02 0.000000000000000000e+00
3.326606750488281250e-02 -9.263706207275390625e-02 3.799999877810478210e-02 2.899999916553497314e-02 0.000000000000000000e+00
8.615452051162719727e-02 -9.554870426654815674e-02 4.800000041723251343e-02 1.999999955296516418e-02 0.000000000000000000e+00
2.398120798170566559e-02 -5.339157208800315857e-02 1.600000075995922089e-02 2.199999988079071045e-02 0.000000000000000000e+00
5.793106183409690857e-02 -5.494350567460060120e-02 1.600000075995922089e-02 1.600000075995922089e-02 0.000000000000000000e+00
8.957137912511825562e-02 -5.353019759058952332e-02 1.799999922513961792e-02 2.199999988079071045e-02 0.000000000000000000e+00
2.670993842184543610e-02 -1.676696725189685822e-02 1.700000092387199402e-02 1.700000092387199402e-02 0.000000000000000000e+00
6.089443340897560120e-02 -1.355293300002813339e-02 1.600000075995922089e-02 3.200000151991844177e-02 0.000000000000000000e+00
9.410274773836135864e-02 -1.511890441179275513e-02 2.300000004470348358e-02 2.800000086426734924e-02 0.000000000000000000e+00
3.020523115992546082e-02 -1.400484144687652588e-01 3.200000151991844177e-02 1.899999938905239105e-02 0.000000000000000000e+00
7.274204492568969727e-02 -1.419212669134140015e-01 1.600000075995922089e-02 1.600000075995922089e-02 0.000000000000000000e+00
3.169204667210578918e-02 -1.006518900394439697e-01 3.200000151991844177e-02 1.600000075995922089e-02 0.000000000000000000e+00
7.435546815395355225e-02 -1.035775765776634216e-01 2.099999971687793732e-02 1.899999938905239105e-02 0.000000000000000000e+00
3.068458475172519684e-02 -6.459491699934005737e-02 3.400000184774398804e-02 1.700000092387199402e-02 0.000000000000000000e+00
1.231290400028228760e-01 -1.367235630750656128e-01 3.700000047683715820e-02 2.800000086426734924e-02 0.000000000000000000e+00
7.338222861289978027e-02 -6.950145959854125977e-02 1.600000075995922089e-02 1.600000075995922089e-02 0.000000000000000000e+00
1.267681866884231567e-01 -9.471786767244338989e-02 3.500000014901161194e-02 1.899999938905239105e-02 0.000000000000000000e+00
2.875244058668613434e-02 -3.437404707074165344e-02 2.600000053644180298e-02 1.700000092387199402e-02 0.000000000000000000e+00
1.261306703090667725e-01 -5.472537875175476074e-02 3.599999845027923584e-02 2.700000070035457611e-02 0.000000000000000000e+00
3.020523115992546082e-02 -1.400484144687652588e-01 2.800000086426734924e-02 2.300000004470348358e-02 0.000000000000000000e+00
7.613613456487655640e-02 -1.431386917829513550e-01 2.099999971687793732e-02 1.899999938905239105e-02 0.000000000000000000e+00
2.954818680882453918e-02 -1.042458340525627136e-01 2.199999988079071045e-02 1.600000075995922089e-02 0.000000000000000000e+00
7.328364998102188110e-02 -1.034692376852035522e-01 1.600000075995922089e-02 1.600000075995922089e-02 0.000000000000000000e+00
2.890331298112869263e-02 -6.512328982353210449e-02 2.800000086426734924e-02 2.300000004470348358e-02 0.000000000000000000e+00
1.258811950683593750e-01 -1.380124688148498535e-01 4.500000178813934326e-02 2.999999932944774628e-02 0.000000000000000000e+00
7.384216040372848511e-02 -6.833560764789581299e-02 2.099999971687793732e-02 1.899999938905239105e-02 0.000000000000000000e+00
1.252953410148620605e-01 -9.233051538467407227e-02 4.100000113248825073e-02 2.999999932944774628e-02 0.000000000000000000e+00
3.102249093353748322e-02 -3.384578600525856018e-02 3.200000151991844177e-02 1.899999938905239105e-02 0.000000000000000000e+00
1.304026842117309570e-01 -5.546810105443000793e-02 4.699999839067459106e-02 1.999999955296516418e-02 0.000000000000000000e+00
3.020526841282844543e-02 -1.400483697652816772e-01 2.999999932944774628e-02 2.400000020861625671e-02 0.000000000000000000e+00
7.412982732057571411e-02 -1.423940211534500122e-01 1.799999922513961792e-02 1.799999922513961792e-02 0.000000000000000000e+00
3.172336518764495850e-02 -1.021621674299240112e-01 3.299999982118606567e-02 1.899999938905239105e-02 0.000000000000000000e+00
7.237575203180313110e-02 -1.039731204509735107e-01 1.600000075995922089e-02 1.600000075995922089e-02 0.000000000000000000e+00
2.647281624376773834e-02 -6.673278659582138062e-02 1.600000075995922089e-02 1.600000075995922089e-02 0.000000000000000000e+00
1.270038932561874390e-01 -1.404942721128463745e-01 4.800000041723251343e-02 1.999999955296516418e-02 0.000000000000000000e+00
7.313041388988494873e-02 -6.997196376323699951e-02 1.600000075995922089e-02 1.600000075995922089e-02 0.000000000000000000e+00
1.242443472146987915e-01 -9.834560751914978027e-02 3.599999845027923584e-02 2.700000070035457611e-02 0.000000000000000000e+00
3.215606510639190674e-02 -3.721214458346366882e-02 3.299999982118606567e-02 1.899999938905239105e-02 0.000000000000000000e+00
1.270221769809722900e-01 -5.810180678963661194e-02 4.100000113248825073e-02 2.999999932944774628e-02 0.000000000000000000e+00
3.020523115992546082e-02 -1.400484144687652588e-01 2.600000053644180298e-02 1.700000092387199402e-02 0.000000000000000000e+00
3.208309039473533630e-02 -1.058029904961585999e-01 3.200000151991844177e-02 1.600000075995922089e-02 0.000000000000000000e+00
8.822822570800781250e-02 -1.425704956054687500e-01 4.500000178813934326e-02 1.799999922513961792e-02 0.000000000000000000e+00
8.581764250993728638e-02 -1.049806624650955200e-01 3.500000014901161194e-02 1.899999938905239105e-02 0.000000000000000000e+00
3.153076022863388062e-02 -6.676959991455078125e-02 2.999999932944774628e-02 1.799999922513961792e-02 0.000000000000000000e+00
8.447173982858657837e-02 -7.030506432056427002e-02 4.500000178813934326e-02 1.799999922513961792e-02 0.000000000000000000e+00
3.596843779087066650e-02 -2.840141206979751587e-02 3.500000014901161194e-02 2.800000086426734924e-02 0.000000000000000000e+00
8.631958067417144775e-02 -2.803733758628368378e-02 4.500000178813934326e-02 2.999999932944774628e-02 0.000000000000000000e+00
3.795116394758224487e-02 1.973308622837066650e-02 3.599999845027923584e-02 2.700000070035457611e-02 0.000000000000000000e+00
8.042278140783309937e-02 1.948055252432823181e-02 3.799999877810478210e-02 2.899999916553497314e-02 0.000000000000000000e+00
