3.063727783203125000e+03 1.728002929687500000e+03 1.728002929687500000e+03 1.510137939453125000e+03 1.269133544921875000e+03 2.038731933593750000e+03
3.052953613281250000e+03 1.749885009765625000e+03 1.749885009765625000e+03 1.524798461914062500e+03 1.276373291015625000e+03 2.027957519531250000e+03
3.043037353515625000e+03 1.771479125976562500e+03 1.771479125976562500e+03 1.539981689453125000e+03 1.282803100585937500e+03 2.018041015625000000e+03
3.033875244140625000e+03 1.792770996093750000e+03 1.792770996093750000e+03 1.555689331054687500e+03 1.288406250000000000e+03 2.008878662109375000e+03
3.025401123046875000e+03 1.813772094726562500e+03 1.813772094726562500e+03 1.571906494140625000e+03 1.293209350585937500e+03 2.000404052734375000e+03
3.017543457031250000e+03 1.834494750976562500e+03 1.834494750976562500e+03 1.588628173828125000e+03 1.297229125976562500e+03 1.992545898437500000e+03
3.010245361328125000e+03 1.854955078125000000e+03 1.854955078125000000e+03 1.605840087890625000e+03 1.300496093750000000e+03 1.985247314453125000e+03
3.003448730468750000e+03 1.875171630859375000e+03 1.875171630859375000e+03 1.623549682617187500e+03 1.303020996093750000e+03 1.978450073242187500e+03
2.997110839843750000e+03 1.895159179687500000e+03 1.895159179687500000e+03 1.641729125976562500e+03 1.304846923828125000e+03 1.972111938476562500e+03
2.991184326171875000e+03 1.914941650390625000e+03 1.914941650390625000e+03 1.660400878906250000e+03 1.305974853515625000e+03 1.966185058593750000e+03
2.985634277343750000e+03 1.934530883789062500e+03 1.934530883789062500e+03 1.679537597656250000e+03 1.306444458007812500e+03 1.960634643554687500e+03
2.980425292968750000e+03 1.953944091796875000e+03 1.953944091796875000e+03 1.699139404296875000e+03 1.306272949218750000e+03 1.955425659179687500e+03
2.975526855468750000e+03 1.973199707031250000e+03 1.973199707031250000e+03 1.719208618164062500e+03 1.305476684570312500e+03 1.950527099609375000e+03
2.970911376953125000e+03 1.992322875976562500e+03 1.992322875976562500e+03 1.739762817382812500e+03 1.304062377929687500e+03 1.945911621093750000e+03
2.966555664062500000e+03 2.011328491210937500e+03 2.011328491210937500e+03 1.760796142578125000e+03 1.302051513671875000e+03 1.941555664062500000e+03
2.962437988281250000e+03 2.030243041992187500e+03 2.030243041992187500e+03 1.782330566406250000e+03 1.299448242187500000e+03 1.937437988281250000e+03
2.958539550781250000e+03 2.049076904296875000e+03 2.049076904296875000e+03 1.804353027343750000e+03 1.296276733398437500e+03 1.933539550781250000e+03
2.954843505859375000e+03 2.067870361328125000e+03 2.067870361328125000e+03 1.826916381835937500e+03 1.292523193359375000e+03 1.929843505859375000e+03
2.951334472656250000e+03 2.086629150390625000e+03 2.086629150390625000e+03 1.850001220703125000e+03 1.288214111328125000e+03 1.926334350585937500e+03
2.947998535156250000e+03 2.105389892578125000e+03 2.105389892578125000e+03 1.873653930664062500e+03 1.283338867187500000e+03 1.922998657226562500e+03
2.944823730468750000e+03 2.124178466796875000e+03 2.124178466796875000e+03 1.897899658203125000e+03 1.277898071289062500e+03 1.919823852539062500e+03
2.941798583984375000e+03 2.143016357421875000e+03 2.143016357421875000e+03 1.922756591796875000e+03 1.271895996093750000e+03 1.916798706054687500e+03
2.938913085937500000e+03 2.161938964843750000e+03 2.161938964843750000e+03 1.948271118164062500e+03 1.265320556640625000e+03 1.913913085937500000e+03
2.936157470703125000e+03 2.180954833984375000e+03 2.180954833984375000e+03 1.974436767578125000e+03 1.258188476562500000e+03 1.911157470703125000e+03
2.933523437500000000e+03 2.200086669921875000e+03 2.200086669921875000e+03 2.001277465820312500e+03 1.250499145507812500e+03 1.908523437500000000e+03
2.931003173828125000e+03 2.219389892578125000e+03 2.219389892578125000e+03 2.028885498046875000e+03 1.242214477539062500e+03 1.906003295898437500e+03
2.928589843750000000e+03 2.238901855468750000e+03 2.238901855468750000e+03 2.057317138671875000e+03 1.233316406250000000e+03 1.903589843750000000e+03
2.926276367187500000e+03 2.258663818359375000e+03 2.258663818359375000e+03 2.086636230468750000e+03 1.223781494140625000e+03 1.901276367187500000e+03
2.924056884765625000e+03 2.278720703125000000e+03 2.278720703125000000e+03 2.116916503906250000e+03 1.213581909179687500e+03 1.899057006835937500e+03
2.921926025390625000e+03 2.299121337890625000e+03 2.299121337890625000e+03 2.148240234375000000e+03 1.202684692382812500e+03 1.896926147460937500e+03
