3.067000000000000000e+03 1.734000000000000000e+03 1.739000000000000000e+03 1.475000000000000000e+03 1.279000000000000000e+03 2.044000000000000000e+03
3.067000000000000000e+03 1.734000000000000000e+03 1.740000000000000000e+03 1.497000000000000000e+03 1.270000000000000000e+03 2.044000000000000000e+03
3.051000000000000000e+03 1.763000000000000000e+03 1.770000000000000000e+03 1.514000000000000000e+03 1.270000000000000000e+03 2.021000000000000000e+03
3.048000000000000000e+03 1.786000000000000000e+03 1.792000000000000000e+03 1.530000000000000000e+03 1.270000000000000000e+03 2.020000000000000000e+03
3.034000000000000000e+03 1.807000000000000000e+03 1.813000000000000000e+03 1.547000000000000000e+03 1.287000000000000000e+03 2.004000000000000000e+03
3.031000000000000000e+03 1.828000000000000000e+03 1.835000000000000000e+03 1.565000000000000000e+03 1.292000000000000000e+03 2.004000000000000000e+03
3.030000000000000000e+03 1.848000000000000000e+03 1.855000000000000000e+03 1.583000000000000000e+03 1.292000000000000000e+03 2.004000000000000000e+03
3.014000000000000000e+03 1.868000000000000000e+03 1.875000000000000000e+03 1.601000000000000000e+03 1.292000000000000000e+03 1.983000000000000000e+03
3.008000000000000000e+03 1.889000000000000000e+03 1.896000000000000000e+03 1.620000000000000000e+03 1.291000000000000000e+03 1.981000000000000000e+03
3.008000000000000000e+03 1.909000000000000000e+03 1.915000000000000000e+03 1.639000000000000000e+03 1.291000000000000000e+03 1.981000000000000000e+03
2.996000000000000000e+03 1.929000000000000000e+03 1.935000000000000000e+03 1.659000000000000000e+03 1.292000000000000000e+03 1.964000000000000000e+03
2.990000000000000000e+03 1.949000000000000000e+03 1.956000000000000000e+03 1.680000000000000000e+03 1.291000000000000000e+03 1.963000000000000000e+03
2.991000000000000000e+03 1.968000000000000000e+03 1.975000000000000000e+03 1.699000000000000000e+03 1.292000000000000000e+03 1.963000000000000000e+03
2.991000000000000000e+03 1.987000000000000000e+03 1.994000000000000000e+03 1.720000000000000000e+03 1.291000000000000000e+03 1.963000000000000000e+03
2.975000000000000000e+03 2.007000000000000000e+03 2.013000000000000000e+03 1.744000000000000000e+03 1.291000000000000000e+03 1.946000000000000000e+03
2.970000000000000000e+03 2.025000000000000000e+03 2.032000000000000000e+03 1.765000000000000000e+03 1.292000000000000000e+03 1.944000000000000000e+03
2.970000000000000000e+03 2.045000000000000000e+03 2.052000000000000000e+03 1.787000000000000000e+03 1.292000000000000000e+03 1.944000000000000000e+03
2.970000000000000000e+03 2.064000000000000000e+03 2.071000000000000000e+03 1.810000000000000000e+03 1.292000000000000000e+03 1.944000000000000000e+03
2.970000000000000000e+03 2.082000000000000000e+03 2.089000000000000000e+03 1.834000000000000000e+03 1.292000000000000000e+03 1.944000000000000000e+03
2.959000000000000000e+03 2.101000000000000000e+03 2.108000000000000000e+03 1.858000000000000000e+03 1.292000000000000000e+03 1.926000000000000000e+03
2.951000000000000000e+03 2.120000000000000000e+03 2.127000000000000000e+03 1.882000000000000000e+03 1.291000000000000000e+03 1.925000000000000000e+03
2.951000000000000000e+03 2.139000000000000000e+03 2.147000000000000000e+03 1.907000000000000000e+03 1.274000000000000000e+03 1.925000000000000000e+03
2.951000000000000000e+03 2.158000000000000000e+03 2.166000000000000000e+03 1.935000000000000000e+03 1.272000000000000000e+03 1.925000000000000000e+03
2.951000000000000000e+03 2.177000000000000000e+03 2.185000000000000000e+03 1.960000000000000000e+03 1.272000000000000000e+03 1.925000000000000000e+03
2.951000000000000000e+03 2.197000000000000000e+03 2.205000000000000000e+03 1.987000000000000000e+03 1.253000000000000000e+03 1.925000000000000000e+03
2.951000000000000000e+03 2.218000000000000000e+03 2.225000000000000000e+03 2.016000000000000000e+03 1.251000000000000000e+03 1.925000000000000000e+03
2.941000000000000000e+03 2.219000000000000000e+03 2.227000000000000000e+03 2.043000000000000000e+03 1.251000000000000000e+03 1.907000000000000000e+03
2.931000000000000000e+03 2.257000000000000000e+03 2.264000000000000000e+03 2.072000000000000000e+03 1.227000000000000000e+03 1.906000000000000000e+03
2.931000000000000000e+03 2.259000000000000000e+03 2.267000000000000000e+03 2.103000000000000000e+03 1.224000000000000000e+03 1.906000000000000000e+03
2.931000000000000000e+03 2.296000000000000000e+03 2.304000000000000000e+03 2.134000000000000000e+03 1.205000000000000000e+03 1.906000000000000000e+03
