-8.700003847479820685e-04 -7.300000637769698880e-04
-1.800000295042991725e-03 -3.900003619492054094e-04
-1.959999650716781703e-03 -5.200001411139965274e-04
-1.350000128149986354e-03 -1.900002360343933214e-04
-7.500005885958671570e-04 -1.599999144673347527e-04
-1.170000620186328975e-03 -5.200004205107688470e-04
-9.000003337860107422e-04 -4.699996672570705305e-04
-1.060000248253345576e-03 -2.500001341104507229e-04
-8.700003847479820685e-04 -9.999983012676238675e-06
-7.600005716085434177e-04 -4.100002348423004367e-04
-1.149000320583581881e-03 -3.650001157075166832e-04
